id, suma, gavejo id, siuntejo id
0, 171, 4580, 3130
90, 75, 2383, 2303 
180, 89, 3066, 4580 
270, 350, 2146, 1567 
360, 132, 3095, 2811 
450, 76, 3012, 3547 
540, 75, 3012, 1625 
630, 355, 3929, 2811 
720, 253, 2948, 4539 
810, 137, 2755, 2342 
900, 167, 2755, 2303 
990, 187, 3958, 1968 
1080, 220, 3297, 4580 
1170, 151, 4150, 1089 
1260, 372, 3544, 2811 
1350, 35, 1538, 1307 
1440, 390, 2146, 3012 
1530, 372, 3130, 2561 
1620, 258, 1307, 2342 
1710, 98, 2948, 2303 
1800, 387, 2895, 2941 
1980, 75, 1089, 2096 
1890, 258, 1625, 2146 
2160, 118, 1307, 2941 
2520, 236, 3903, 1625 
2340, 39, 3095, 3095 
2430, 264, 2342, 1625 
2250, 140, 2948, 2389 
2700, 306, 2895, 3297 
2790, 42, 4580, 3929 
2610, 210, 2217, 1968 
2880, 287, 1089, 2146 
3060, 46, 2070, 2811 
2070, 51, 2941, 1824 
2970, 310, 2303, 3130 
3240, 281, 2217, 1968 
3150, 193, 1968, 1824 
3510, 322, 2682, 3112 
3600, 102, 2383, 4580 
3330, 193, 4580, 1538 
3420, 233, 3929, 2389 
3960, 121, 3112, 2682 
3690, 261, 1968, 3958 
3870, 261, 1824, 3544 
3780, 68, 3112, 4580 
4230, 344, 1307, 2070 
4140, 75, 1538, 2303 
4050, 311, 4580, 2561 
4500, 344, 2941, 3544 
4410, 91, 2254, 2755 
4320, 195, 1699, 2682 
4770, 60, 4580, 1699 
4590, 242, 2342, 3012 
4680, 34, 2070, 1968 
4860, 241, 2070, 3066 
5130, 185, 2389, 3958 
4950, 148, 2682, 4580 
5040, 217, 1089, 3066 
5310, 248, 1968, 2811 
5490, 292, 4539, 2561 
5580, 285, 3903, 3066 
5400, 382, 1699, 2941 
5220, 222, 2303, 2146 
5760, 259, 2342, 3544 
5850, 175, 3066, 4150 
6030, 208, 2895, 2096 
5670, 328, 3095, 2254 
5940, 278, 3095, 3012 
6210, 308, 2383, 3958 
6300, 177, 2342, 2254 
6480, 226, 2070, 3547 
6570, 309, 3130, 2303 
6660, 398, 2755, 3066 
6390, 245, 2561, 1824 
6120, 354, 3130, 2383 
6750, 53, 3544, 2811 
6930, 294, 2401, 2070 
7110, 77, 3958, 3958 
6840, 375, 2682, 3095 
7290, 115, 1968, 3544 
7200, 166, 3903, 1699 
7470, 47, 2217, 2811 
7020, 241, 1968, 2146 
7380, 382, 3095, 2682 
7650, 166, 2146, 2811 
7560, 221, 2217, 3958 
7740, 280, 1089, 2146 
7830, 268, 3130, 2342 
8100, 328, 2401, 1699 
8010, 287, 2254, 1699 
8190, 380, 1538, 3095 
8280, 320, 3112, 2561 
8460, 189, 3066, 2303 
7920, 147, 4580, 3112 
8640, 292, 2755, 1968 
8370, 320, 3012, 3297 
8820, 100, 1968, 1699 
8730, 107, 2342, 1538 
9000, 245, 2811, 3130 
8910, 165, 2070, 1538 
9090, 297, 3095, 2096 
9270, 114, 1625, 2389 
9180, 317, 4150, 2755 
9450, 144, 3112, 2755 
9360, 184, 2948, 4580 
8550, 387, 2342, 3012 
9630, 142, 2096, 1089 
9720, 230, 2383, 2389 
9810, 311, 3130, 2146 
9540, 296, 1089, 1625 
9990, 127, 2401, 3297 
10080, 230, 1307, 1625 
10170, 32, 2254, 3297 
9900, 305, 1699, 2426 
10350, 116, 3297, 1538 
10530, 38, 3903, 1625 
10440, 260, 3130, 2070 
10260, 51, 4539, 2426 
10620, 88, 3958, 3929 
10710, 116, 1089, 2254 
10800, 236, 2383, 2401 
10980, 141, 2389, 3066 
10890, 169, 3095, 1968 
11160, 365, 1307, 2426 
11340, 354, 2070, 3547 
11070, 126, 2811, 3958 
11250, 297, 2389, 1089 
11520, 374, 2303, 1089 
11700, 147, 3929, 3903 
11610, 311, 3130, 2254 
11790, 285, 2561, 2303 
11430, 182, 3066, 2096 
12060, 161, 4539, 4539 
11970, 173, 2146, 2254 
11880, 325, 2217, 3112 
12240, 239, 3958, 3547 
12510, 216, 3066, 1824 
12330, 338, 2401, 4539 
12150, 391, 3903, 3544 
12600, 208, 3095, 2217 
12870, 124, 3297, 2948 
12690, 87, 1089, 2254 
12420, 75, 1307, 2895 
12780, 176, 2811, 4539 
12960, 149, 2948, 3958 
13050, 333, 2755, 2682 
13320, 344, 2070, 3130 
13410, 65, 1968, 4150 
13140, 126, 3929, 2303 
13590, 348, 2401, 2303 
13500, 205, 1699, 4580 
13770, 345, 3903, 3012 
13230, 359, 2948, 3547 
13680, 205, 2895, 2895 
14040, 386, 3130, 2948 
14130, 293, 2303, 2811 
13950, 134, 2254, 2401 
13860, 146, 2096, 2303 
14310, 210, 3130, 1538 
14220, 377, 3095, 3958 
14490, 325, 2948, 4150 
14580, 82, 1625, 1699 
14400, 319, 2941, 1538 
14760, 367, 2342, 4150 
14850, 110, 4150, 3929 
15030, 37, 3012, 2426 
14940, 132, 3544, 3297 
15210, 220, 2254, 3130 
15300, 182, 3066, 2303 
15120, 50, 4150, 3095 
15390, 136, 2254, 2561 
14670, 52, 3066, 1538 
15480, 368, 4539, 2401 
15750, 268, 1307, 1625 
15660, 356, 1089, 1824 
15840, 394, 3958, 3095 
15930, 306, 2755, 2383 
15570, 331, 2254, 2146 
16110, 369, 1625, 1567 
16020, 365, 2070, 2383 
16200, 151, 3130, 2895 
16380, 274, 2217, 3066 
16470, 91, 1699, 3297 
16290, 302, 3929, 2895 
16740, 214, 2342, 2383 
16560, 268, 3297, 2383 
16830, 153, 3130, 3547 
16650, 39, 2755, 2217 
16920, 370, 1625, 2254 
17010, 155, 1307, 2383 
17100, 384, 2426, 2146 
17190, 198, 1699, 2682 
17370, 61, 2811, 3547 
17460, 334, 1824, 3544 
17550, 274, 3066, 3066 
17280, 54, 2342, 3066 
17730, 196, 1567, 2682 
17820, 232, 2811, 1824 
18000, 204, 4150, 3130 
17640, 75, 3544, 2948 
18090, 126, 3112, 2941 
18270, 367, 3130, 3012 
17910, 341, 2303, 1699 
18360, 195, 2383, 1567 
18450, 349, 3297, 2096 
18630, 344, 2401, 2096 
18540, 362, 1699, 2303 
18720, 343, 3112, 2426 
18180, 363, 3547, 2096 
18810, 121, 2383, 3112 
19080, 150, 2096, 2383 
18900, 225, 2303, 2811 
19260, 366, 2342, 2426 
19170, 146, 1699, 3130 
19350, 134, 3544, 2941 
18990, 322, 1625, 2342 
19440, 145, 2895, 2383 
19620, 241, 3095, 2811 
19710, 105, 1089, 4580 
19890, 171, 3544, 1699 
19800, 327, 3112, 1824 
19530, 39, 3130, 3066 
19980, 326, 2682, 3903 
20250, 313, 1625, 2070 
20070, 95, 3903, 3297 
20160, 236, 2146, 1089 
20520, 133, 3929, 3903 
20430, 69, 1567, 2682 
20340, 35, 3130, 3012 
20610, 142, 3297, 3544 
20880, 201, 1089, 3012 
20790, 82, 1567, 2401 
20700, 34, 2254, 2561 
20970, 372, 2383, 2811 
21150, 243, 2096, 2948 
21060, 265, 2426, 2755 
21420, 304, 2146, 3066 
21240, 56, 1699, 1567 
21330, 274, 2217, 2682 
21510, 78, 1307, 1538 
21600, 186, 3544, 2070 
21780, 101, 2755, 2811 
21690, 237, 1307, 3130 
21960, 294, 2342, 1968 
21870, 314, 2217, 2096 
22050, 53, 3297, 3297 
22140, 123, 3130, 3929 
22410, 55, 3095, 3544 
22230, 371, 1307, 2401 
22500, 176, 1824, 3130 
22590, 154, 2948, 2096 
22680, 289, 4150, 3547 
22320, 390, 2254, 2146 
22770, 242, 3297, 2948 
22860, 198, 2383, 2895 
22950, 242, 1625, 2254 
23130, 55, 3012, 3066 
23040, 339, 4539, 2096 
23400, 230, 2303, 2401 
23490, 207, 3544, 3929 
23310, 285, 2146, 4150 
23580, 97, 2401, 2389 
23670, 101, 4150, 2254 
23850, 383, 1824, 1968 
23760, 166, 1968, 2096 
23220, 256, 2682, 3130 
24030, 196, 3130, 2682 
24120, 160, 2755, 3297 
24210, 356, 1968, 3297 
24390, 149, 2941, 4150 
23940, 233, 2426, 2401 
24570, 163, 2146, 3112 
24480, 113, 3544, 2401 
24660, 278, 2389, 2096 
24930, 186, 1567, 3297 
24300, 44, 1538, 3095 
24750, 351, 2070, 2389 
25110, 218, 1824, 2217 
25200, 392, 3903, 3297 
24840, 121, 3095, 2254 
25380, 250, 1968, 1307 
25020, 206, 2561, 1968 
25560, 353, 1968, 3544 
25470, 358, 2948, 3929 
25290, 375, 1968, 2401 
25830, 271, 3066, 2217 
25740, 217, 2948, 3547 
25650, 218, 2941, 2096 
25920, 214, 3130, 2070 
26010, 264, 3544, 3297 
26100, 313, 3297, 1307 
26280, 254, 1089, 3958 
26370, 120, 2895, 2811 
26460, 86, 4580, 2948 
26190, 335, 1699, 1307 
26550, 81, 2682, 2811 
26640, 387, 2217, 3547 
26910, 321, 2426, 2561 
26730, 116, 1567, 2342 
27090, 289, 2895, 2389 
26820, 332, 1567, 3544 
27270, 57, 3095, 2426 
27000, 184, 3903, 1538 
27180, 38, 2561, 2401 
27360, 236, 2217, 2426 
27630, 372, 3297, 2383 
27540, 30, 2895, 3547 
27450, 284, 1307, 1307 
27990, 362, 1968, 1567 
27810, 64, 2383, 2426 
27720, 334, 4580, 2254 
27900, 168, 2070, 2755 
28260, 103, 2342, 3547 
28170, 359, 1968, 3547 
28080, 197, 3297, 2303 
28440, 129, 2948, 2096 
28530, 339, 2254, 3547 
28620, 64, 4150, 3903 
28350, 383, 1699, 2682 
28710, 80, 2303, 2811 
28890, 324, 4150, 2941 
28980, 285, 3297, 2948 
29160, 168, 3547, 2811 
29250, 238, 3012, 2342 
29070, 86, 2948, 1567 
28800, 38, 3012, 1699 
29340, 154, 2811, 2389 
29430, 58, 2146, 2755 
29520, 143, 1824, 2426 
29790, 102, 1968, 4539 
29610, 139, 3130, 2682 
29700, 223, 3297, 3095 
29880, 120, 2342, 3903 
30150, 169, 2561, 2254 
29970, 235, 2383, 3095 
30330, 333, 1699, 1824 
30060, 120, 3903, 2895 
30420, 58, 2948, 2561 
30240, 256, 2070, 1089 
30510, 140, 3130, 3297 
30600, 164, 2303, 2146 
30780, 218, 2096, 1699 
30870, 135, 2383, 2254 
30690, 128, 2070, 2146 
30960, 154, 2895, 2895 
31050, 357, 1824, 1538 
31230, 368, 2941, 1089 
31140, 103, 1625, 2342 
31410, 366, 2401, 3903 
31320, 92, 1089, 3297 
31500, 355, 1968, 2682 
31860, 185, 2303, 2383 
31680, 150, 2096, 2941 
32040, 182, 2389, 3130 
31590, 66, 1824, 2070 
31950, 60, 1089, 2561 
31770, 360, 2303, 3547 
32310, 292, 1824, 1699 
32220, 89, 2811, 4539 
32130, 388, 1567, 3958 
32400, 176, 3903, 2948 
32670, 285, 2342, 3130 
32580, 380, 1625, 3958 
32490, 235, 2096, 3095 
32760, 116, 1625, 2070 
32850, 338, 1538, 3547 
32940, 144, 2217, 3544 
33210, 234, 2303, 4539 
33390, 88, 2383, 2096 
33120, 257, 3066, 4539 
33030, 92, 3544, 3958 
33480, 150, 1567, 3130 
33300, 38, 3544, 2254 
33750, 324, 2811, 3130 
33660, 285, 1625, 1968 
33840, 355, 3095, 2561 
33930, 182, 3297, 1824 
34110, 294, 2895, 3066 
34020, 283, 3297, 2895 
34200, 264, 3958, 2389 
33570, 174, 1089, 1089 
34380, 346, 2383, 2401 
34290, 216, 1538, 2682 
34650, 47, 3130, 2895 
34470, 311, 2401, 1968 
34740, 165, 2217, 2811 
34920, 108, 1968, 3544 
35010, 358, 1307, 2096 
34830, 132, 3130, 3112 
35100, 280, 2895, 3095 
34560, 34, 3066, 2948 
35280, 128, 3903, 4150 
35190, 52, 2426, 2948 
35370, 76, 3903, 2941 
35460, 394, 2755, 1625 
35550, 290, 3903, 3066 
35730, 39, 2303, 2254 
35640, 122, 2426, 2254 
35910, 163, 3112, 4580 
36090, 397, 3903, 3547 
36000, 65, 2254, 3958 
35820, 249, 3544, 3130 
36270, 174, 2941, 1567 
36360, 60, 1699, 1089 
36180, 305, 4150, 2895 
36450, 214, 3130, 1538 
36540, 353, 4580, 4150 
36630, 63, 2389, 3066 
36810, 369, 3297, 2342 
36990, 62, 3929, 1699 
36720, 293, 2561, 3130 
37170, 353, 3544, 4150 
36900, 225, 2948, 1089 
37260, 310, 2389, 1625 
37350, 367, 1824, 2383 
37620, 64, 3012, 3297 
37440, 117, 3095, 2303 
37080, 76, 2389, 3095 
37530, 318, 2383, 3095 
37890, 238, 1538, 2401 
37710, 186, 4539, 1538 
38070, 231, 1699, 3012 
37980, 317, 2254, 3547 
38160, 349, 3544, 2303 
38250, 270, 3112, 1625 
38340, 219, 2895, 3012 
38520, 358, 2941, 3297 
37800, 53, 2755, 2383 
38430, 298, 1968, 2342 
38610, 123, 1089, 2941 
38790, 69, 3547, 3544 
38880, 347, 2426, 1699 
38700, 333, 1538, 2682 
38970, 152, 2948, 2146 
39060, 58, 1625, 1089 
39150, 308, 3547, 2941 
39420, 394, 3130, 2755 
39240, 276, 1089, 1567 
39600, 34, 1538, 2146 
39510, 196, 1307, 2383 
39690, 135, 3112, 2401 
39780, 156, 3066, 1968 
39960, 269, 3958, 2401 
39330, 93, 2401, 2811 
39870, 186, 3547, 2895 
40140, 345, 2096, 3012 
40320, 393, 3112, 1567 
40410, 296, 1089, 3066 
40230, 48, 3112, 1089 
40500, 135, 3066, 4150 
40050, 42, 1699, 1089 
40680, 132, 2070, 2070 
40860, 84, 2811, 2146 
40590, 48, 3112, 3544 
40770, 187, 1824, 1968 
41130, 37, 2303, 2426 
41040, 362, 4539, 3297 
41310, 118, 1968, 2811 
40950, 140, 2948, 1307 
41490, 393, 3297, 3547 
41220, 121, 1307, 2342 
41670, 102, 3095, 3012 
41400, 85, 2561, 1824 
41580, 287, 2682, 3112 
41940, 261, 2217, 2895 
41850, 190, 2755, 3958 
42120, 266, 2146, 2146 
41760, 119, 2561, 4150 
42300, 332, 2303, 1567 
42210, 279, 2217, 2303 
42480, 391, 2426, 3544 
42390, 215, 2146, 1567 
42570, 274, 4580, 2096 
42030, 106, 1307, 2941 
42660, 388, 2096, 4580 
42750, 361, 3547, 2146 
42930, 60, 3297, 3095 
42840, 196, 2254, 2303 
43110, 31, 1824, 1307 
43290, 72, 1625, 2755 
43380, 175, 3012, 3112 
43020, 88, 3112, 4150 
43470, 284, 1538, 2811 
43650, 302, 2217, 1968 
43740, 318, 2070, 2217 
43560, 316, 2342, 2146 
43830, 74, 3066, 4580 
43200, 95, 3903, 1699 
44100, 310, 1567, 2401 
43920, 51, 2941, 1699 
44190, 231, 3929, 2146 
44280, 229, 2146, 3066 
44010, 86, 1699, 2383 
44460, 85, 1089, 2389 
44550, 233, 3544, 2426 
44640, 75, 2096, 3095 
44370, 90, 1538, 3095 
44820, 275, 2070, 2941 
44730, 287, 4580, 2755 
44910, 58, 3066, 3544 
45180, 338, 1699, 2426 
45270, 163, 3297, 3544 
45090, 380, 2401, 2146 
45000, 212, 3012, 3544 
45450, 161, 4580, 2146 
45540, 232, 3297, 2303 
45360, 395, 2561, 3130 
45720, 254, 2948, 2755 
45810, 142, 2389, 1699 
45900, 339, 1307, 3547 
45990, 67, 2070, 3547 
45630, 391, 2146, 2895 
46080, 240, 3547, 2303 
46170, 207, 3547, 2254 
46350, 206, 2895, 2389 
46440, 200, 2948, 2682 
46260, 301, 1538, 3066 
46530, 308, 1307, 3958 
46620, 302, 2096, 2146 
46800, 51, 3544, 2941 
46710, 155, 1089, 1538 
46890, 339, 3095, 3012 
47070, 339, 4539, 2383 
47160, 273, 2941, 1968 
47250, 48, 2383, 1567 
47340, 311, 2217, 2096 
47520, 87, 2401, 1538 
46980, 122, 3903, 2254 
47430, 339, 2383, 3297 
47790, 210, 2755, 1307 
47700, 35, 3112, 1089 
47610, 34, 4539, 1307 
47970, 86, 2096, 1625 
47880, 140, 3903, 4580 
48150, 356, 1089, 1538 
48060, 131, 2941, 3130 
48330, 144, 2561, 2217 
48240, 329, 2342, 2217 
48420, 208, 2146, 3929 
48510, 113, 1824, 2146 
48600, 78, 2389, 2096 
48690, 283, 2682, 1089 
48870, 184, 2389, 2811 
48780, 354, 1307, 2217 
49140, 51, 2682, 1968 
48960, 117, 3130, 3012 
49320, 343, 2389, 1968 
49050, 87, 1567, 1824 
49230, 260, 1625, 2096 
49590, 156, 4580, 1625 
49410, 196, 2941, 4150 
49680, 358, 2217, 3112 
49500, 324, 4150, 3130 
49860, 35, 1567, 3903 
49770, 334, 2096, 3903 
50040, 100, 2342, 3130 
50130, 297, 2217, 3066 
50310, 44, 2895, 2895 
49950, 36, 3130, 2561 
50220, 173, 1307, 3929 
50580, 153, 1625, 1538 
50400, 138, 3929, 3112 
50490, 188, 2426, 4150 
50760, 161, 3929, 2254 
50670, 83, 4580, 2070 
50850, 390, 1625, 4539 
51120, 214, 3547, 2383 
51030, 275, 4539, 1307 
51210, 339, 3130, 1824 
50940, 360, 1567, 1567 
51300, 80, 2096, 2948 
51390, 195, 4580, 2383 
51660, 256, 2146, 2811 
51750, 97, 1625, 2070 
51570, 314, 3903, 4150 
51840, 45, 2254, 2096 
51930, 399, 2426, 2070 
51480, 264, 2755, 3903 
52110, 390, 3929, 4580 
52020, 124, 3544, 2682 
52200, 370, 3112, 4580 
52290, 399, 1089, 1968 
52470, 260, 3297, 2217 
52560, 312, 2146, 3012 
52380, 264, 2755, 2383 
52740, 278, 1089, 4580 
52650, 203, 1968, 2755 
53010, 159, 1538, 1625 
52920, 138, 2948, 2401 
52830, 335, 1307, 3095 
53190, 302, 3903, 2146 
53280, 338, 2383, 2383 
53370, 274, 2217, 2426 
53550, 314, 3929, 1307 
53460, 170, 1567, 2383 
53100, 327, 2811, 3112 
53820, 309, 2426, 2389 
53730, 155, 1307, 2948 
53910, 72, 3929, 1699 
53640, 106, 4580, 3547 
54000, 166, 3297, 2342 
54270, 49, 1625, 3958 
54180, 72, 1699, 2941 
54090, 369, 3903, 4580 
54540, 166, 2561, 3547 
54360, 203, 1307, 2682 
54450, 328, 2303, 2146 
54720, 38, 3095, 2146 
54810, 348, 3903, 2342 
54990, 82, 2342, 3544 
54630, 394, 1307, 3903 
54900, 51, 2254, 2426 
55170, 143, 4580, 3112 
55350, 351, 2561, 3929 
55080, 334, 4539, 3958 
55260, 231, 2254, 2811 
55620, 178, 4150, 2146 
55440, 299, 2070, 3130 
55530, 146, 1625, 2561 
55800, 115, 1567, 3903 
55980, 395, 2401, 1567 
55710, 182, 2948, 1089 
56070, 293, 2401, 1625 
55890, 369, 4539, 1625 
56160, 313, 1538, 2303 
56340, 167, 4539, 1567 
56430, 263, 2811, 2254 
56610, 366, 1824, 2682 
56250, 123, 2948, 3012 
56700, 172, 1625, 4539 
56520, 387, 1089, 3130 
56790, 231, 3903, 3297 
56880, 39, 1699, 3012 
56970, 229, 1307, 2895 
57240, 357, 2254, 2146 
57150, 141, 2811, 2948 
57420, 45, 2217, 1824 
57060, 383, 1538, 2096 
57600, 116, 3903, 2217 
57510, 225, 1307, 1824 
57690, 324, 3095, 3547 
57330, 280, 3066, 3112 
57870, 312, 2217, 3958 
57960, 86, 2895, 3112 
58050, 369, 3929, 2217 
58140, 217, 2755, 2070 
58230, 126, 1307, 2895 
57780, 191, 2948, 2948 
58410, 172, 3095, 2682 
58500, 90, 3929, 2096 
58320, 201, 1824, 2401 
58590, 65, 2254, 2811 
58770, 398, 1625, 2254 
58950, 172, 3297, 3066 
58860, 154, 4580, 2561 
59040, 264, 2342, 2941 
59130, 68, 4580, 3544 
58680, 382, 2948, 2303 
59400, 315, 1307, 3130 
59490, 327, 1699, 2096 
59310, 373, 2389, 2948 
59580, 257, 1089, 3544 
59220, 195, 2342, 2755 
59760, 322, 1625, 1699 
59850, 396, 1968, 2948 
59940, 308, 3903, 2941 
60120, 97, 2755, 1538 
60030, 287, 2401, 3130 
60210, 30, 2941, 2948 
60300, 260, 3547, 2811 
60480, 397, 3903, 2941 
59670, 329, 2811, 3929 
60570, 349, 3095, 2811 
60750, 53, 3112, 1567 
60660, 369, 3547, 2217 
60390, 30, 2389, 2941 
60930, 148, 1625, 3130 
61110, 325, 2096, 3544 
61020, 277, 2096, 2755 
60840, 356, 2096, 2254 
61290, 223, 2561, 3547 
61470, 136, 3958, 2811 
61200, 252, 2254, 1968 
61380, 333, 3903, 1307 
61560, 113, 4150, 3112 
61650, 157, 3095, 2941 
61830, 125, 2146, 2217 
61920, 143, 3903, 2561 
62010, 101, 2561, 1538 
62190, 239, 3544, 1699 
62100, 270, 2342, 3066 
61740, 160, 2561, 3130 
62370, 391, 3297, 3929 
62460, 357, 3012, 2426 
62640, 259, 1538, 2389 
62280, 221, 3012, 2254 
62730, 140, 2811, 2948 
62820, 115, 1538, 2811 
62910, 68, 3903, 3958 
62550, 178, 2682, 2811 
63090, 223, 1089, 3547 
63180, 236, 2561, 3929 
63360, 307, 2895, 2811 
63270, 198, 2070, 2561 
63450, 39, 4150, 3066 
63540, 217, 2303, 2682 
63630, 212, 2941, 1625 
63000, 336, 2383, 2755 
63900, 274, 2561, 2383 
63720, 229, 3130, 2389 
64080, 176, 3929, 2303 
63990, 101, 2070, 1089 
63810, 323, 3929, 2426 
64260, 194, 3130, 3903 
64170, 40, 4580, 1699 
64530, 333, 3297, 2401 
64440, 191, 1699, 3958 
64620, 216, 3095, 2383 
64710, 215, 2254, 2426 
64890, 81, 3903, 3066 
64800, 125, 2303, 3903 
64350, 67, 3112, 3547 
64980, 183, 2895, 2561 
65250, 264, 1968, 2342 
65070, 202, 2941, 3903 
65160, 125, 3112, 1968 
65520, 227, 3066, 2426 
65430, 275, 3012, 2383 
65700, 386, 2383, 2096 
65610, 249, 2811, 3544 
65340, 130, 3130, 3547 
65790, 279, 2389, 1625 
65880, 131, 1968, 2895 
66060, 134, 2383, 3297 
65970, 229, 2948, 1968 
66150, 48, 2254, 2561 
66240, 277, 1968, 2070 
66330, 134, 1567, 2682 
66420, 164, 3903, 4539 
66780, 33, 3958, 2895 
66510, 367, 2401, 1699 
66600, 239, 3547, 2682 
66870, 390, 1699, 3297 
66960, 142, 2755, 2303 
67050, 135, 1538, 2682 
67230, 167, 3958, 1968 
67140, 189, 3929, 2146 
67410, 234, 1824, 2811 
66690, 98, 3066, 1699 
67320, 349, 1089, 3958 
67680, 96, 3095, 2389 
67590, 396, 3095, 2217 
67860, 237, 2561, 2303 
67770, 58, 2342, 2383 
67950, 197, 3297, 3012 
67500, 76, 3547, 2755 
68130, 107, 3066, 1699 
68220, 79, 2389, 2682 
68040, 153, 4150, 1625 
68400, 36, 1699, 1968 
68310, 37, 1307, 2426 
68490, 216, 2303, 3544 
68760, 127, 2682, 2303 
68670, 288, 3112, 3958 
68940, 106, 2401, 3066 
69030, 380, 1968, 1968 
68850, 387, 2948, 2755 
69210, 231, 2342, 2146 
69120, 370, 2682, 3130 
68580, 347, 1699, 2342 
69390, 170, 1089, 2217 
69570, 361, 2146, 2895 
69660, 115, 1824, 4150 
69480, 364, 4580, 2401 
69750, 137, 2811, 2146 
69300, 382, 2217, 1699 
69840, 76, 3066, 3066 
69930, 352, 2217, 3547 
70200, 65, 1968, 2217 
70020, 316, 2561, 1625 
70290, 153, 2303, 1824 
70110, 237, 2682, 1625 
70560, 149, 3903, 3547 
70470, 58, 3095, 2389 
70380, 108, 3547, 2383 
70830, 367, 2389, 3095 
70740, 263, 2682, 1968 
70650, 303, 1567, 2948 
71010, 52, 1538, 2401 
71100, 214, 1538, 2401 
71280, 85, 1968, 2217 
70920, 189, 4539, 2383 
71370, 49, 2895, 3130 
71190, 359, 2096, 2383 
71550, 360, 2561, 4580 
71640, 234, 4150, 3929 
71460, 383, 2217, 3095 
71910, 87, 2561, 2096 
71820, 238, 2303, 3066 
71730, 72, 2254, 1307 
72090, 173, 1567, 1307 
72270, 194, 1968, 2383 
72000, 51, 1968, 2426 
72180, 302, 2146, 1307 
72450, 214, 3066, 3903 
72540, 136, 3095, 2303 
72720, 298, 2948, 1625 
72630, 201, 1824, 2096 
72810, 133, 2217, 2389 
72990, 396, 4150, 2401 
72360, 342, 3903, 1538 
73170, 328, 3095, 3297 
72900, 322, 3903, 2811 
73260, 56, 1089, 2254 
73440, 289, 4150, 2755 
73080, 298, 3547, 2426 
73350, 185, 2948, 1625 
73710, 307, 1307, 2383 
73890, 360, 2303, 1699 
73620, 208, 3547, 3297 
73530, 266, 3547, 4150 
73980, 247, 2561, 3095 
73800, 66, 3130, 2096 
74070, 334, 1824, 3066 
74340, 132, 3903, 2895 
74250, 211, 2755, 2096 
74520, 36, 3958, 2389 
74430, 260, 1968, 2755 
74160, 89, 2383, 3547 
74700, 157, 4150, 2383 
74880, 82, 2895, 1089 
74610, 117, 3095, 3929 
75060, 148, 2895, 1089 
74790, 224, 2303, 2811 
75150, 391, 4580, 2401 
74970, 51, 3095, 3903 
75240, 146, 3903, 4539 
75330, 188, 2895, 2342 
75420, 153, 2096, 1538 
75690, 267, 2146, 2895 
75600, 170, 2383, 2389 
75870, 68, 3130, 2401 
75780, 139, 2948, 1824 
75510, 114, 2682, 2342 
75960, 120, 1089, 2948 
76050, 199, 3095, 1625 
76140, 319, 3012, 2389 
76230, 319, 4539, 4150 
76500, 85, 1089, 3012 
76320, 108, 3544, 2811 
76410, 381, 3958, 2389 
76770, 293, 2342, 3547 
76680, 319, 4580, 3929 
76860, 126, 4539, 4150 
76950, 74, 2682, 3095 
76590, 290, 1968, 2941 
77040, 285, 2401, 3297 
77310, 95, 2811, 2096 
77130, 152, 2895, 3903 
77220, 338, 2561, 2811 
77400, 317, 2096, 1625 
77670, 226, 2682, 3929 
77490, 357, 2070, 2342 
77580, 376, 3547, 2342 
77850, 207, 3547, 2682 
77940, 275, 4539, 3297 
77760, 295, 3130, 2811 
78210, 373, 1089, 4150 
78030, 147, 3066, 4539 
78390, 59, 2389, 4539 
78120, 122, 2895, 1089 
78480, 397, 3112, 3544 
78570, 192, 2811, 3958 
78300, 78, 1307, 2217 
78750, 304, 3547, 4539 
78660, 66, 1089, 2948 
79020, 391, 1538, 3903 
78930, 70, 3903, 2895 
79110, 128, 3297, 1089 
79290, 252, 2389, 2070 
79200, 371, 2096, 1625 
79470, 276, 2146, 2096 
78840, 94, 2217, 4150 
79380, 214, 1089, 3903 
79740, 138, 2948, 1699 
79830, 114, 3929, 2096 
79560, 67, 1699, 2811 
79650, 208, 2811, 2426 
79920, 248, 2755, 4150 
80010, 222, 1307, 1567 
80190, 349, 1625, 2070 
80100, 362, 2070, 2383 
80460, 243, 2895, 4580 
80550, 199, 2096, 2682 
80370, 160, 2146, 2096 
80280, 282, 2303, 2389 
80730, 333, 2755, 2303 
80820, 240, 3112, 4580 
80910, 236, 4539, 3547 
81090, 370, 3958, 2254 
80640, 152, 1968, 3903 
81000, 330, 2342, 4580 
81360, 362, 2941, 1968 
81270, 78, 2401, 2217 
81180, 162, 3547, 3112 
81630, 135, 3297, 2389 
81720, 386, 2146, 3066 
81450, 279, 3112, 4580 
81810, 308, 2389, 2303 
81900, 254, 2682, 1968 
81540, 333, 2342, 2146 
82170, 290, 2948, 2254 
81990, 283, 3297, 3112 
82080, 35, 3112, 1538 
82260, 144, 2895, 3903 
82440, 242, 2401, 2895 
82530, 110, 2561, 2561 
82350, 75, 4539, 3095 
82620, 259, 2561, 4539 
82800, 213, 3297, 3066 
82890, 172, 2070, 4150 
82980, 219, 3012, 1625 
82710, 172, 4539, 2096 
83250, 187, 4580, 2682 
83070, 306, 1538, 3547 
83340, 304, 3297, 4150 
83160, 37, 2342, 4539 
83520, 346, 3066, 2426 
83700, 60, 3297, 2303 
83430, 161, 2342, 3297 
83610, 113, 4580, 1538 
84060, 81, 3958, 3547 
83880, 106, 1968, 1968 
84150, 291, 2401, 2811 
83790, 160, 3958, 2895 
83970, 160, 3095, 1625 
84330, 88, 3547, 1538 
84240, 156, 3112, 1968 
84510, 148, 2070, 4150 
84600, 105, 3297, 3929 
84420, 290, 1968, 1307 
84780, 203, 4539, 3095 
84870, 214, 4150, 2948 
84960, 108, 1699, 3066 
85050, 289, 2811, 2383 
85140, 183, 2217, 2895 
84690, 338, 3903, 1089 
85410, 379, 2217, 4539 
85320, 206, 1625, 2561 
85590, 117, 4580, 1307 
85680, 302, 4150, 3095 
85230, 275, 1567, 2755 
85860, 96, 1968, 3095 
85770, 249, 3903, 1538 
86040, 43, 3958, 2096 
85950, 324, 2383, 2389 
86220, 372, 1538, 2303 
86130, 73, 2682, 1625 
86310, 224, 3547, 4580 
85500, 102, 4539, 1968 
86580, 212, 2342, 1824 
86400, 298, 3095, 2561 
86670, 314, 2389, 2895 
86490, 348, 3112, 3297 
86940, 332, 2070, 2389 
86760, 321, 2070, 2303 
87030, 52, 2303, 1968 
87120, 281, 2342, 2096 
86850, 232, 4580, 2895 
87210, 358, 4539, 3066 
87300, 173, 3297, 1307 
87570, 290, 3095, 2561 
87390, 295, 1089, 3066 
87750, 49, 2811, 2389 
87480, 186, 3012, 2146 
87840, 390, 3929, 1824 
87660, 390, 2561, 3112 
87930, 282, 2303, 3929 
88020, 145, 3297, 3903 
88200, 245, 2254, 3012 
88290, 197, 2254, 3095 
88470, 386, 3095, 2682 
88110, 239, 3297, 1307 
88380, 266, 3297, 1089 
88560, 389, 2811, 3297 
88830, 89, 2948, 3130 
88650, 290, 2948, 2303 
88920, 101, 1567, 2561 
88740, 361, 3929, 3095 
89190, 388, 2217, 2070 
89280, 234, 2146, 2383 
89010, 278, 3297, 2217 
89100, 98, 4539, 3929 
89370, 273, 2941, 1699 
89640, 186, 1968, 2755 
89460, 84, 2254, 2389 
89550, 244, 2096, 2948 
89730, 100, 2941, 2146 
89910, 352, 2895, 2401 
90000, 78, 3012, 2811 
89820, 360, 3066, 2895 
90180, 325, 2146, 1567 
90270, 230, 4150, 1968 
90450, 147, 3130, 3297 
90090, 163, 2401, 2401 
90630, 184, 2389, 2895 
90360, 49, 3903, 1968 
90540, 366, 1968, 1567 
90720, 97, 2303, 2561 
90810, 246, 1089, 4539 
90900, 99, 1699, 1625 
90990, 248, 2096, 2254 
91260, 133, 3112, 3066 
91080, 325, 4150, 3547 
91530, 275, 1089, 2146 
91350, 372, 3066, 1567 
91170, 90, 2426, 2217 
91620, 91, 1625, 4580 
91800, 255, 1699, 1968 
91440, 336, 3929, 3903 
91710, 62, 2342, 1824 
91980, 398, 2948, 2811 
92160, 261, 2401, 2342 
91890, 129, 2948, 3130 
92250, 299, 3903, 2941 
92070, 183, 1824, 1538 
92520, 134, 3066, 1567 
92610, 161, 2811, 2096 
92340, 388, 2401, 2342 
92700, 376, 2895, 2941 
92790, 132, 1089, 3297 
92430, 224, 3544, 3095 
92970, 317, 3547, 3130 
93150, 169, 2941, 3066 
92880, 373, 3903, 2811 
93240, 96, 3095, 4150 
93060, 128, 1538, 1968 
93420, 210, 4150, 2941 
93510, 391, 2561, 3903 
93690, 72, 2426, 4580 
93330, 176, 4539, 3095 
93870, 87, 3066, 2389 
93600, 353, 2682, 2070 
93780, 381, 3130, 1307 
94050, 330, 1567, 3112 
94320, 242, 1699, 3066 
94230, 133, 2895, 3547 
94140, 385, 1567, 2303 
94410, 51, 2426, 3095 
94500, 303, 3297, 2561 
94590, 228, 2070, 3112 
94680, 324, 3958, 2146 
94860, 142, 3066, 3095 
94770, 283, 3929, 4580 
95040, 30, 2383, 3929 
93960, 186, 4539, 1307 
94950, 200, 1824, 2755 
95220, 201, 3012, 1307 
95130, 47, 1824, 3130 
95400, 217, 2895, 2561 
95490, 399, 3297, 2811 
95580, 70, 1538, 1307 
95310, 274, 2070, 2217 
95850, 364, 3130, 1538 
95760, 347, 2682, 2389 
95940, 190, 3012, 3066 
96030, 265, 1567, 1824 
95670, 165, 2383, 1968 
96120, 44, 2070, 3130 
96300, 395, 3929, 2426 
96210, 387, 3297, 4539 
96390, 40, 3095, 2401 
96480, 239, 1307, 2948 
96750, 108, 2383, 2383 
96840, 274, 2383, 3297 
96930, 30, 3958, 2941 
96570, 176, 4580, 4539 
97020, 352, 3297, 2895 
96660, 127, 2303, 2811 
97110, 262, 1824, 2383 
97290, 372, 2755, 2383 
97380, 298, 1538, 3903 
97200, 105, 2811, 2755 
97650, 221, 1968, 2303 
97740, 186, 2383, 4539 
97470, 134, 3130, 3547 
97560, 383, 2755, 3066 
97830, 148, 2682, 3130 
98010, 178, 4150, 3547 
98100, 188, 3903, 3903 
97920, 370, 2895, 2342 
98280, 108, 2389, 4150 
98370, 387, 2811, 1968 
98550, 144, 3903, 4539 
98460, 153, 3130, 2755 
98640, 161, 3297, 3544 
98730, 92, 2389, 3130 
98190, 369, 2811, 1699 
98820, 85, 1968, 4580 
98910, 132, 2342, 2401 
99000, 179, 2303, 2682 
99180, 337, 2389, 2426 
99270, 309, 1968, 3958 
99090, 365, 2096, 3066 
99540, 333, 2682, 1824 
99360, 165, 2561, 3095 
99630, 172, 3066, 4539 
99720, 185, 2426, 3112 
99810, 393, 2217, 4539 
99450, 399, 3297, 3547 
99900, 386, 1538, 3903 
100080, 146, 3544, 1567 
100170, 62, 2070, 4539 
100260, 151, 2070, 3544 
99990, 282, 2561, 1089 
100350, 318, 1625, 1625 
100620, 142, 3012, 3547 
100440, 398, 3066, 2426 
100710, 276, 2401, 1699 
100800, 325, 2755, 2895 
100530, 190, 3547, 3547 
100980, 369, 3958, 1089 
101070, 366, 2682, 1699 
100890, 201, 2811, 2811 
101340, 128, 2217, 3547 
101160, 193, 3095, 2254 
101430, 293, 4150, 2401 
101250, 158, 2941, 3297 
101700, 334, 2948, 3012 
101610, 76, 1538, 4580 
101520, 148, 2401, 1968 
101880, 386, 2811, 2426 
101970, 152, 2070, 3929 
101790, 85, 2811, 1089 
102060, 348, 3297, 1625 
102150, 339, 3958, 2682 
102420, 34, 1824, 2682 
102240, 187, 2895, 2755 
102690, 274, 3547, 2811 
102330, 383, 2217, 1089 
102780, 266, 2389, 1968 
102510, 248, 1625, 2948 
102600, 334, 2146, 2303 
102870, 155, 2895, 2217 
103050, 255, 3095, 2682 
102960, 54, 3095, 2217 
103140, 371, 3095, 4539 
103410, 242, 1538, 1567 
103500, 366, 2254, 1538 
103320, 249, 1625, 4580 
103680, 202, 2755, 2895 
103230, 106, 1968, 2948 
103860, 303, 2389, 2895 
103770, 78, 4539, 2146 
104040, 204, 3544, 1307 
103950, 73, 1089, 4150 
103590, 109, 4539, 3544 
104310, 262, 2342, 2811 
104130, 383, 3130, 2342 
104400, 141, 2682, 2096 
104220, 368, 2217, 4150 
104670, 391, 3012, 1968 
104490, 142, 2811, 3297 
104580, 268, 2948, 2561 
104760, 222, 2755, 2426 
104850, 33, 4580, 4150 
105030, 349, 2948, 2389 
105210, 310, 2755, 1824 
105300, 94, 3012, 2755 
105120, 86, 1625, 3929 
105390, 334, 4580, 3130 
104940, 38, 3095, 3112 
105570, 64, 4539, 4580 
105660, 249, 1538, 2401 
105840, 78, 4580, 1567 
105750, 319, 2217, 3929 
105930, 82, 2342, 2389 
105480, 68, 1625, 3066 
106020, 88, 1307, 3547 
106110, 209, 4580, 4580 
106380, 239, 3903, 2401 
106290, 155, 2941, 3297 
106470, 236, 1307, 1089 
106200, 121, 2096, 3958 
106650, 198, 1567, 3547 
106740, 123, 3544, 3095 
106830, 76, 1089, 3130 
106920, 277, 1089, 2070 
107100, 182, 2389, 4539 
106560, 356, 2948, 4150 
107010, 169, 1699, 3095 
107280, 69, 4150, 2401 
107190, 144, 4539, 3066 
107370, 219, 1089, 1968 
107460, 191, 3297, 2941 
107640, 201, 3130, 2389 
107550, 188, 2811, 3958 
107820, 351, 2755, 1968 
108000, 309, 3112, 2146 
107910, 273, 4150, 3095 
108180, 284, 4150, 1968 
108090, 42, 2941, 1824 
107730, 79, 2146, 3547 
108270, 138, 3544, 3130 
108450, 192, 3903, 3547 
108360, 262, 2254, 1625 
108540, 234, 2254, 2426 
108810, 126, 2146, 3958 
108630, 326, 1567, 1968 
108720, 68, 2426, 1538 
108900, 205, 1824, 2561 
108990, 359, 3544, 1567 
109170, 343, 2426, 2070 
109260, 134, 3012, 2426 
109080, 61, 2254, 2755 
109350, 197, 1699, 1699 
109710, 302, 1567, 2755 
109440, 372, 2426, 2254 
109620, 294, 2342, 1625 
109890, 361, 3112, 2342 
109800, 227, 3112, 1968 
110070, 294, 3544, 2070 
109530, 108, 2895, 1968 
110250, 341, 2811, 2217 
109980, 105, 1699, 2217 
110340, 320, 2342, 2096 
110160, 293, 3958, 4539 
110520, 94, 1699, 2303 
110610, 132, 2811, 3012 
110430, 353, 2342, 2561 
110790, 357, 3130, 1824 
110700, 379, 1567, 2342 
110880, 237, 1824, 2254 
111240, 339, 1089, 1968 
111150, 46, 1307, 2811 
111060, 344, 2561, 2401 
110970, 364, 2941, 2383 
111330, 134, 2755, 3095 
111510, 310, 1625, 2146 
111420, 298, 2895, 1307 
111600, 309, 3112, 1089 
111690, 372, 2070, 2342 
111780, 317, 1625, 4539 
112050, 390, 1567, 1625 
111960, 386, 4539, 1625 
112140, 54, 2895, 2217 
112230, 349, 1538, 2561 
112320, 120, 3112, 1567 
112410, 261, 1089, 2682 
111870, 370, 2146, 2070 
112590, 382, 1699, 2096 
112500, 144, 3130, 4580 
112770, 51, 2811, 2895 
112680, 302, 3066, 2426 
112950, 61, 3903, 1567 
113130, 300, 3547, 2895 
113040, 84, 2096, 1625 
112860, 325, 2755, 2426 
113220, 121, 1968, 1968 
113400, 395, 3112, 2096 
113310, 186, 3066, 2389 
113490, 368, 1307, 2070 
113580, 121, 2682, 2096 
113760, 248, 2682, 2755 
113850, 368, 3903, 2146 
113670, 248, 2303, 2895 
114120, 359, 4539, 2070 
113940, 132, 2561, 2948 
114390, 251, 1625, 2342 
114210, 298, 3012, 3130 
114480, 119, 3130, 1567 
114030, 66, 1307, 2811 
114300, 261, 2389, 1089 
114750, 379, 2342, 3095 
114660, 301, 2383, 1824 
114570, 284, 2096, 2146 
114930, 132, 3095, 4539 
115020, 203, 2254, 3095 
114840, 361, 2389, 2682 
115290, 62, 2389, 2755 
115110, 159, 3547, 1824 
115470, 383, 2070, 2342 
115200, 343, 2426, 2941 
115560, 288, 3130, 1089 
115650, 285, 3544, 2383 
115830, 40, 2561, 2389 
115380, 164, 2217, 2254 
116010, 343, 1699, 2941 
115740, 132, 2561, 3958 
116190, 376, 2096, 1699 
116100, 63, 3130, 2342 
116280, 126, 2426, 1968 
116460, 117, 3130, 3958 
116370, 204, 1538, 2755 
116550, 233, 2426, 3958 
116640, 61, 2146, 3297 
115920, 264, 4150, 2217 
116730, 90, 1089, 2682 
116820, 399, 2895, 3095 
117090, 63, 1968, 3112 
117000, 326, 2342, 3066 
116910, 87, 2811, 4580 
117270, 298, 1089, 3297 
117450, 160, 1089, 2070 
117180, 272, 2811, 2682 
117540, 368, 3929, 2401 
117630, 351, 2941, 1625 
117360, 62, 2755, 2383 
118080, 315, 3066, 2389 
117720, 280, 1824, 2948 
117900, 235, 4580, 3130 
117810, 87, 2096, 3929 
117990, 216, 3297, 4580 
118440, 185, 2217, 4150 
118170, 361, 3544, 3012 
118260, 334, 3112, 2941 
118530, 62, 1089, 2948 
118350, 75, 1089, 4150 
118620, 286, 2389, 2217 
118890, 212, 3095, 3547 
118800, 134, 3544, 2682 
118980, 223, 1089, 3544 
119250, 34, 3112, 1538 
118710, 46, 3066, 2096 
119070, 119, 2755, 2096 
119430, 173, 1307, 2895 
119160, 364, 2941, 3297 
119610, 351, 3112, 3903 
119520, 346, 2303, 2146 
119700, 47, 2682, 2342 
119340, 282, 1824, 2303 
119790, 127, 2342, 3297 
119970, 106, 3958, 3012 
120150, 280, 1089, 2146 
119880, 374, 3112, 2811 
120060, 396, 1968, 2096 
120240, 210, 3130, 4150 
120330, 152, 2217, 2401 
120600, 232, 2895, 1699 
120420, 115, 2682, 4539 
120780, 298, 3929, 2303 
120510, 277, 1538, 2941 
120690, 370, 3903, 2342 
121050, 262, 2389, 2401 
120870, 83, 2948, 3012 
120960, 62, 3544, 1089 
121140, 338, 1968, 2895 
121410, 316, 3112, 2426 
121320, 231, 4150, 2811 
121590, 34, 3297, 1567 
121230, 237, 3095, 1968 
121500, 288, 2682, 2755 
121770, 361, 4150, 3095 
121860, 299, 4150, 2948 
121950, 43, 2895, 4150 
122040, 152, 2389, 2682 
121680, 374, 3958, 1089 
122310, 232, 3012, 2383 
122220, 59, 4539, 2811 
122130, 175, 2389, 2426 
122490, 226, 2217, 2895 
122670, 193, 2895, 1538 
122400, 325, 2682, 3012 
122580, 72, 3130, 2070 
122760, 386, 3066, 2948 
123030, 98, 1567, 2561 
122850, 47, 2146, 2389 
122940, 301, 1089, 2383 
123120, 263, 2342, 2254 
123210, 158, 2303, 2146 
123390, 35, 4539, 1625 
123300, 164, 3903, 4580 
123480, 317, 2217, 2682 
123750, 223, 3095, 2561 
123570, 67, 4150, 3547 
123660, 194, 3929, 4580 
124020, 90, 1968, 1625 
123840, 313, 3958, 2096 
124200, 331, 2096, 1824 
123930, 59, 2755, 2389 
124110, 94, 3903, 3297 
124380, 329, 2401, 1538 
124560, 371, 2561, 2895 
124470, 198, 2895, 2217 
124740, 85, 3112, 3903 
124650, 148, 2755, 2254 
124920, 57, 3958, 2254 
124290, 273, 2811, 2383 
125010, 127, 4539, 3130 
125100, 238, 2383, 2146 
124830, 213, 2342, 2070 
125280, 190, 1538, 2303 
125190, 205, 2561, 3012 
125460, 226, 2254, 2342 
125370, 48, 4150, 2383 
125550, 214, 3130, 3130 
125820, 170, 1968, 1089 
125640, 247, 2096, 1625 
125910, 178, 2755, 2342 
126000, 235, 3547, 2070 
125730, 228, 3958, 2303 
126090, 260, 4150, 3112 
126270, 102, 2303, 4539 
126180, 354, 4150, 2383 
126360, 347, 2146, 1538 
126450, 268, 3112, 4150 
126630, 245, 3095, 2682 
126720, 253, 1968, 3112 
126540, 56, 2426, 4580 
126810, 252, 3112, 1089 
126900, 257, 1824, 3297 
126990, 123, 2383, 2303 
127260, 158, 3297, 2146 
127170, 390, 3066, 2303 
127080, 165, 4580, 3297 
127530, 115, 2561, 2811 
127440, 340, 3547, 2342 
127620, 66, 3544, 2682 
127710, 198, 2895, 3297 
127350, 387, 2389, 3544 
127980, 57, 2682, 2146 
128070, 356, 4539, 2303 
128160, 156, 2342, 1538 
127800, 101, 2096, 2401 
128340, 324, 2811, 2146 
128250, 212, 3297, 3903 
127890, 314, 3095, 2941 
128610, 69, 3958, 1625 
128700, 322, 2254, 4150 
128520, 241, 2426, 3112 
128430, 315, 3066, 1968 
128790, 266, 2389, 2389 
128880, 317, 2146, 3130 
129060, 110, 2146, 2426 
129150, 114, 2389, 2895 
128970, 278, 2254, 2383 
129330, 156, 2401, 3547 
129240, 43, 3929, 2755 
129420, 120, 2254, 2811 
129600, 259, 2755, 2070 
129780, 309, 1567, 2303 
129510, 73, 2755, 2811 
129690, 394, 2217, 2217 
130050, 121, 2561, 1307 
129870, 312, 2070, 1307 
130230, 269, 2096, 1699 
129960, 330, 4539, 2895 
130410, 288, 2389, 2303 
130320, 311, 1824, 2811 
130500, 79, 4150, 4539 
130140, 30, 1538, 3958 
130590, 205, 2811, 4150 
130860, 184, 1699, 1625 
130680, 186, 1307, 3544 
131040, 371, 2389, 2561 
131130, 372, 3547, 1089 
130770, 191, 3929, 2254 
131220, 231, 3095, 2682 
130950, 195, 3544, 2342 
131490, 266, 1824, 1625 
131310, 217, 3958, 3012 
131400, 192, 2254, 3130 
131760, 229, 2401, 1968 
131850, 275, 3130, 2096 
131940, 334, 1538, 1625 
131670, 65, 4150, 3929 
131580, 217, 3929, 2755 
132120, 369, 3547, 1968 
132210, 333, 3297, 2941 
132030, 392, 2303, 1968 
132480, 136, 3544, 2303 
132300, 207, 2217, 2941 
132390, 376, 2342, 2941 
132660, 335, 3544, 1538 
132750, 263, 3297, 2682 
132570, 89, 2561, 3112 
132930, 187, 2254, 1824 
133110, 116, 2303, 1824 
133020, 129, 2383, 3903 
133290, 142, 1307, 3958 
132840, 376, 4539, 2383 
133470, 236, 3958, 2682 
133380, 191, 3929, 1625 
133650, 97, 3547, 2426 
133200, 221, 1968, 1968 
133830, 156, 2561, 3903 
133560, 101, 3112, 4150 
133740, 83, 2426, 3012 
134010, 178, 2401, 1089 
134100, 204, 1567, 2895 
134280, 228, 2342, 3958 
133920, 83, 1824, 4539 
134370, 87, 2941, 3547 
134460, 30, 2383, 2682 
134190, 48, 1089, 1307 
134640, 301, 2941, 3929 
134730, 187, 3544, 1699 
134820, 363, 1307, 2146 
134550, 192, 2401, 1625 
135090, 38, 3929, 2401 
135000, 345, 2217, 2342 
135270, 285, 1625, 3544 
135180, 161, 3112, 4150 
135360, 127, 3130, 3547 
134910, 108, 3066, 2426 
135630, 312, 1699, 1089 
135540, 96, 3297, 2811 
135810, 203, 3130, 3547 
135900, 53, 2401, 2096 
135720, 208, 1307, 1824 
135990, 386, 2561, 1307 
135450, 79, 3297, 3130 
136080, 115, 1625, 2895 
136440, 168, 2217, 1824 
136260, 174, 1824, 4150 
136170, 96, 3012, 3130 
136620, 233, 3012, 2146 
136350, 231, 2303, 1968 
136530, 96, 1968, 1538 
136800, 343, 2682, 2941 
136980, 292, 3929, 3112 
136710, 387, 2070, 1824 
137070, 181, 3297, 2426 
136890, 336, 3958, 3012 
137340, 358, 3958, 3958 
137160, 105, 3958, 2948 
137430, 341, 2217, 2401 
137520, 384, 1307, 2146 
137700, 69, 2389, 2755 
137610, 290, 2254, 3903 
137250, 51, 3547, 2096 
137970, 35, 4150, 3903 
137880, 146, 1625, 3095 
137790, 73, 1824, 2342 
138060, 107, 2383, 2948 
138330, 97, 2895, 2070 
138150, 277, 2303, 2811 
138510, 336, 1538, 2755 
138240, 366, 2096, 4580 
138420, 257, 2389, 3012 
138690, 225, 2755, 2254 
138780, 136, 1699, 2096 
138600, 267, 2070, 2070 
139050, 142, 2755, 3903 
138960, 159, 1538, 3544 
139140, 187, 1699, 3929 
138870, 329, 1307, 2682 
139410, 333, 2401, 3095 
139320, 329, 2303, 3903 
139590, 148, 2217, 3903 
139230, 127, 2389, 1968 
139770, 140, 2389, 3112 
139500, 385, 2895, 2070 
139950, 202, 2389, 3903 
139860, 289, 3958, 1538 
140130, 160, 3012, 2561 
140040, 143, 2941, 1567 
139680, 59, 2254, 2426 
140310, 341, 2070, 4580 
140400, 347, 2146, 3112 
140580, 337, 1824, 2146 
140220, 204, 2401, 4150 
140760, 328, 1625, 3297 
140490, 67, 1307, 3095 
140670, 211, 3012, 3012 
141030, 189, 2811, 1699 
140940, 257, 1538, 3095 
140850, 142, 2561, 3544 
141210, 283, 2941, 4539 
141120, 263, 2941, 3547 
141390, 328, 2895, 2342 
141300, 109, 2941, 1089 
141660, 108, 3958, 1699 
141570, 261, 2941, 1538 
141840, 319, 3547, 2941 
141750, 319, 2401, 2389 
141930, 39, 3112, 1089 
141480, 222, 3297, 3547 
142110, 249, 3903, 1824 
142200, 248, 3547, 2948 
142020, 341, 2401, 2948 
142290, 183, 2070, 2383 
142380, 347, 2811, 3112 
142470, 132, 3112, 3929 
142560, 271, 2941, 1699 
142650, 71, 2426, 3012 
142830, 297, 2755, 1824 
142740, 369, 2146, 2682 
143010, 338, 1538, 2096 
143100, 195, 3112, 2755 
143190, 114, 1824, 1538 
142920, 186, 2146, 3112 
143280, 138, 2948, 3297 
143460, 364, 1307, 1538 
143640, 338, 2146, 3547 
143730, 58, 3112, 2811 
143370, 177, 2755, 1625 
143910, 43, 3095, 3066 
143820, 72, 3903, 1089 
144000, 325, 2948, 2426 
143550, 71, 4580, 2941 
144090, 117, 2342, 4150 
144180, 62, 2682, 4539 
144360, 110, 2811, 2682 
144540, 195, 2895, 2561 
144450, 72, 3112, 2389 
144270, 315, 3958, 4150 
144720, 63, 3066, 2948 
144630, 356, 1699, 3012 
144900, 101, 4539, 2401 
144990, 71, 3958, 2895 
144810, 170, 3012, 2217 
145260, 189, 4150, 3012 
145080, 374, 4539, 4539 
145170, 199, 3297, 2948 
145530, 373, 3066, 3547 
145440, 139, 2389, 3095 
145710, 63, 4539, 3130 
145620, 206, 2426, 1824 
145350, 144, 1089, 2389 
145800, 216, 1625, 1824 
145890, 223, 1625, 2895 
145980, 257, 3958, 2342 
146250, 265, 2070, 1567 
146340, 291, 3547, 2426 
146070, 156, 2811, 2811 
146160, 193, 2254, 2811 
146520, 262, 3297, 1968 
146700, 222, 1307, 2389 
146610, 139, 2941, 2755 
146880, 191, 3130, 2895 
146430, 271, 4580, 2895 
147060, 313, 3929, 1307 
146790, 54, 1625, 3958 
147240, 392, 3066, 2342 
146970, 99, 2941, 2146 
147420, 354, 2303, 3903 
147510, 153, 2561, 2303 
147150, 174, 2426, 2941 
147600, 361, 1538, 1538 
147690, 345, 1699, 2070 
147780, 169, 3929, 2682 
147330, 182, 3130, 2682 
148140, 133, 3095, 1625 
147960, 67, 2070, 3095 
148050, 179, 1824, 1538 
147870, 190, 1089, 4539 
148320, 218, 1089, 1567 
148500, 323, 2070, 2096 
148230, 169, 2895, 3012 
148410, 343, 3112, 2401 
148590, 240, 1699, 2070 
148680, 42, 2342, 2682 
148860, 128, 2383, 2401 
148770, 352, 2811, 1625 
149130, 327, 3958, 2426 
149040, 96, 3544, 1824 
148950, 388, 2146, 1538 
149400, 155, 1538, 4580 
149220, 42, 2303, 2342 
149310, 155, 2342, 2146 
149490, 298, 1538, 4150 
149580, 179, 3112, 4580 
149850, 383, 3929, 2941 
149670, 337, 3095, 2948 
150030, 58, 2682, 1625 
149940, 237, 4539, 3958 
150210, 351, 1089, 2755 
150120, 270, 3547, 3958 
150300, 73, 1625, 2070 
150390, 363, 2096, 3095 
150570, 326, 2146, 3958 
150480, 60, 2401, 1089 
149760, 372, 1968, 2070 
150840, 190, 2426, 3012 
150750, 225, 3929, 2895 
150930, 278, 3929, 3012 
150660, 303, 3903, 3130 
151200, 203, 2401, 1968 
151020, 351, 3012, 2811 
151380, 68, 3112, 2217 
151290, 370, 2941, 2895 
151470, 198, 3297, 2342 
151560, 363, 2070, 1824 
151110, 330, 3958, 2426 
151650, 309, 2342, 2561 
151740, 111, 1089, 2426 
151830, 227, 3958, 2401 
151920, 139, 3112, 2303 
152010, 160, 4150, 3066 
152190, 48, 1089, 2755 
152280, 47, 1824, 3066 
152100, 244, 3297, 2070 
152370, 219, 3929, 2426 
152460, 72, 2342, 3297 
152550, 326, 4539, 2146 
152640, 399, 2383, 3095 
152730, 314, 3297, 2146 
152910, 74, 3012, 1307 
152820, 114, 2217, 1567 
153180, 224, 1567, 2389 
153000, 317, 1699, 2682 
153360, 86, 1625, 2254 
153090, 309, 3903, 2755 
153540, 91, 1567, 4580 
153720, 218, 3066, 3958 
153630, 263, 1538, 2389 
153270, 133, 2941, 3297 
153450, 322, 3095, 1968 
153900, 91, 2254, 2811 
153990, 185, 3903, 3112 
153810, 156, 2254, 1625 
154080, 330, 3547, 1625 
154350, 399, 3547, 3958 
154260, 312, 2401, 2755 
154530, 185, 4150, 2217 
154440, 263, 3112, 3903 
154620, 248, 3958, 1307 
154800, 173, 2070, 1625 
154890, 365, 1538, 1567 
154170, 103, 2303, 1089 
154710, 314, 3547, 3112 
155160, 82, 2948, 4580 
154980, 305, 2426, 2941 
155340, 395, 3130, 4150 
155070, 224, 1089, 2811 
155250, 264, 1307, 2070 
155520, 209, 1567, 4150 
155430, 37, 2389, 1538 
155610, 155, 2342, 2389 
155880, 94, 3903, 3903 
155700, 243, 1307, 2383 
156060, 319, 1824, 2146 
155790, 63, 2303, 3066 
156240, 96, 4150, 3547 
156150, 319, 1824, 3929 
156420, 286, 2303, 2682 
155970, 46, 3297, 2217 
156330, 230, 1625, 2895 
156600, 113, 2755, 2146 
156510, 391, 3929, 2303 
156870, 62, 1699, 3095 
156780, 163, 1307, 3903 
157050, 99, 4539, 3958 
156690, 151, 3095, 3929 
157140, 154, 3012, 1625 
157230, 123, 3929, 1538 
157320, 221, 1824, 3130 
157410, 260, 2096, 3544 
157590, 291, 2895, 2342 
156960, 285, 3066, 3130 
157500, 146, 2561, 3066 
157770, 250, 3112, 2389 
157950, 107, 2070, 4580 
157860, 306, 3547, 2389 
158130, 292, 3112, 3903 
158220, 294, 2811, 3012 
158040, 32, 2342, 2948 
157680, 213, 3544, 2682 
158490, 282, 2217, 3547 
158400, 194, 1538, 3547 
158580, 336, 3066, 2682 
158310, 340, 2254, 2948 
158850, 231, 3958, 3112 
158670, 174, 3095, 1968 
159120, 270, 2941, 3012 
158760, 37, 3903, 1824 
159030, 121, 2254, 2342 
159300, 88, 3544, 2561 
158940, 42, 3958, 3929 
159390, 261, 2401, 3903 
159570, 59, 3130, 4580 
159210, 331, 1567, 4150 
159750, 371, 3012, 3066 
159660, 185, 2401, 2389 
159840, 281, 2948, 2254 
159930, 75, 3112, 3903 
159480, 271, 2811, 3547 
160290, 78, 3958, 2682 
160110, 369, 1625, 2383 
160380, 258, 1968, 2682 
160200, 47, 2303, 2895 
160020, 179, 3112, 3130 
160650, 262, 2941, 3095 
160740, 340, 2096, 2217 
160470, 175, 3012, 1968 
160830, 383, 1307, 3130 
160560, 320, 3066, 1538 
161190, 182, 2096, 2096 
161010, 73, 2342, 1307 
160920, 49, 3095, 4580 
161280, 106, 2941, 2303 
161370, 364, 2342, 2146 
161550, 191, 2811, 1699 
161460, 104, 2426, 4580 
161100, 85, 2254, 1307 
161640, 265, 2303, 4539 
161820, 85, 2561, 2561 
161730, 237, 2401, 2217 
162000, 337, 3012, 2383 
162090, 383, 1089, 2383 
162270, 272, 3297, 3130 
162180, 366, 3130, 3544 
162360, 340, 3929, 4580 
162450, 348, 4539, 2561 
162540, 351, 2070, 2941 
162630, 153, 1567, 1824 
161910, 74, 2096, 2217 
162900, 38, 2096, 3112 
162810, 78, 4539, 3112 
162990, 263, 2426, 1567 
162720, 31, 2303, 2682 
163080, 384, 2426, 2895 
163350, 271, 2682, 1699 
163260, 161, 3544, 2146 
163530, 283, 3095, 3903 
163620, 276, 3547, 3544 
163170, 139, 4150, 2096 
163800, 51, 3112, 3544 
163440, 211, 2383, 1307 
163890, 49, 1089, 2401 
163980, 92, 2303, 2096 
163710, 97, 2254, 3544 
164070, 239, 1699, 2682 
164250, 242, 2217, 2254 
164160, 63, 2682, 2755 
164340, 350, 2070, 2146 
164430, 77, 4150, 2682 
164610, 187, 1625, 2561 
164700, 236, 1538, 2811 
164790, 94, 1538, 2811 
164520, 247, 2401, 2303 
165060, 369, 4150, 2389 
164880, 338, 1968, 3112 
164970, 290, 2948, 2811 
165240, 261, 4580, 1968 
165150, 346, 2941, 2217 
165510, 213, 3066, 2682 
165420, 266, 2895, 2561 
165330, 134, 2811, 1307 
165690, 236, 1567, 2895 
165870, 294, 2303, 2389 
165600, 205, 2426, 4150 
166050, 258, 3095, 2948 
165960, 37, 4539, 3066 
165780, 149, 3958, 2342 
166230, 278, 4150, 1538 
166410, 261, 1824, 3547 
166320, 133, 2217, 3929 
166590, 33, 3903, 2383 
166500, 221, 3547, 3547 
166680, 181, 1089, 1824 
166140, 243, 2895, 1625 
166770, 370, 3130, 2303 
166860, 311, 2146, 3547 
166950, 301, 2561, 1699 
167130, 123, 3112, 2096 
167220, 98, 1824, 3066 
167040, 348, 1307, 3958 
167490, 394, 2755, 2811 
167400, 266, 2426, 2146 
167310, 250, 3547, 2811 
167580, 335, 2895, 2389 
167760, 396, 1824, 3547 
167670, 125, 2895, 3066 
168030, 397, 2948, 2941 
168120, 307, 3297, 2389 
167850, 180, 3066, 3929 
168390, 203, 2561, 3095 
168300, 102, 2941, 2217 
167940, 80, 2682, 3544 
168480, 380, 1567, 2948 
168570, 43, 2096, 2811 
168210, 394, 3095, 1538 
168840, 52, 2811, 2895 
168750, 273, 2254, 3903 
168660, 201, 2254, 3544 
169020, 255, 3903, 2426 
169200, 57, 3012, 2254 
168930, 174, 1307, 2755 
169380, 351, 2389, 1567 
169290, 323, 2096, 2383 
169560, 299, 2682, 3547 
169110, 62, 2426, 4150 
169470, 139, 2389, 2811 
169740, 391, 2948, 2561 
169830, 41, 2426, 3095 
169650, 270, 2811, 2303 
170100, 115, 1824, 4150 
170190, 392, 2217, 3547 
169920, 316, 2146, 4539 
170280, 304, 3544, 2070 
170460, 364, 3958, 1968 
170370, 365, 3297, 1089 
170550, 157, 3958, 1567 
170010, 46, 1089, 1968 
170640, 214, 2941, 1968 
170730, 374, 3112, 2217 
170910, 94, 3112, 2561 
171000, 207, 1567, 3095 
171090, 299, 3112, 2426 
170820, 394, 2254, 2755 
171180, 359, 3929, 2948 
171360, 194, 1824, 3095 
171450, 391, 2096, 1538 
171270, 128, 3112, 1538 
171720, 329, 2561, 3544 
171540, 396, 3130, 3066 
171900, 355, 4580, 2682 
171810, 377, 1567, 2342 
171630, 152, 1968, 2070 
171990, 173, 2146, 2811 
172170, 281, 2401, 4539 
172350, 195, 1625, 3112 
172260, 35, 2755, 2811 
172080, 364, 3095, 2426 
172620, 351, 1699, 2217 
172530, 285, 2561, 2941 
172710, 191, 2941, 1089 
172800, 210, 2755, 2755 
172980, 333, 2389, 3066 
172440, 98, 2941, 2389 
172890, 172, 4150, 2070 
173160, 40, 3958, 1824 
173070, 94, 2561, 2146 
173340, 116, 2941, 2426 
173430, 355, 1625, 2682 
173250, 64, 3547, 2811 
173610, 150, 2941, 2895 
173790, 333, 3929, 2401 
173700, 56, 1625, 4580 
173970, 364, 2948, 2755 
173520, 79, 3297, 2561 
174060, 313, 3066, 3929 
174240, 173, 3095, 2096 
173880, 32, 1538, 2303 
174150, 326, 2342, 1538 
174510, 361, 1625, 3130 
174420, 123, 3095, 2401 
174600, 250, 3544, 2383 
174330, 182, 2254, 4150 
174870, 41, 1307, 2254 
174690, 375, 1968, 2146 
175050, 185, 2254, 2561 
174780, 375, 4150, 1538 
175230, 323, 3903, 1567 
175140, 378, 2895, 2401 
175500, 97, 2303, 2811 
174960, 194, 1538, 1824 
175590, 299, 2217, 3903 
175320, 93, 3297, 2401 
175410, 319, 1968, 3012 
175680, 246, 3095, 2811 
175860, 378, 1538, 2811 
175770, 254, 1625, 2811 
176040, 274, 3112, 2401 
176130, 144, 4580, 3095 
175950, 59, 2342, 3066 
176220, 222, 3095, 3297 
176490, 89, 2941, 2070 
176310, 274, 2811, 1968 
176760, 321, 1538, 3095 
176670, 108, 2303, 3297 
176850, 179, 3095, 2254 
176400, 124, 2401, 3297 
176580, 97, 2303, 3112 
176940, 295, 2948, 2070 
177300, 268, 3130, 2254 
177030, 216, 3903, 2070 
177480, 361, 1699, 2755 
177120, 133, 1307, 3547 
177390, 31, 2389, 2303 
177570, 288, 3130, 1968 
177750, 61, 3958, 3095 
177210, 328, 2811, 2303 
177930, 41, 3929, 2096 
177660, 365, 2811, 3547 
177840, 105, 3929, 4539 
178020, 392, 3903, 2895 
178200, 159, 2217, 2383 
178110, 294, 2811, 4539 
178380, 138, 3297, 4539 
178560, 252, 2070, 2948 
178290, 190, 3112, 1538 
178470, 212, 1089, 4150 
178830, 145, 2941, 2389 
178650, 99, 2561, 4150 
178740, 237, 2254, 2303 
178920, 30, 1089, 3297 
179100, 207, 1567, 3958 
179190, 64, 2941, 3547 
179280, 343, 2217, 1567 
179460, 296, 2254, 2217 
179010, 80, 2070, 2426 
179370, 133, 3012, 1625 
179550, 267, 2948, 2948 
179820, 65, 2682, 2146 
179730, 125, 2217, 2682 
180000, 217, 1089, 2389 
179910, 221, 3903, 3297 
180090, 59, 1567, 2895 
180180, 217, 1699, 3112 
180270, 333, 2682, 1625 
179640, 144, 3112, 3929 
180360, 351, 2948, 2146 
180540, 291, 2342, 3095 
180450, 51, 1824, 2811 
180630, 365, 2303, 3066 
180900, 47, 2948, 2426 
180720, 113, 2895, 2941 
180990, 344, 1089, 1824 
181080, 78, 1699, 3130 
180810, 171, 3095, 3547 
181350, 170, 3112, 2426 
181260, 364, 3929, 3130 
181170, 205, 3547, 3297 
181530, 113, 1089, 1538 
181710, 161, 2895, 2561 
181440, 157, 3958, 4150 
181890, 262, 1567, 1307 
181620, 183, 1089, 3544 
181800, 295, 1307, 2401 
182160, 265, 1699, 3958 
182070, 355, 1824, 4539 
182250, 358, 3958, 1567 
181980, 213, 3297, 2426 
182520, 367, 2682, 3130 
182430, 61, 2389, 2426 
182340, 161, 1089, 1824 
182610, 386, 3112, 1968 
182790, 247, 3095, 2146 
182700, 362, 2426, 2254 
182970, 173, 2096, 2941 
182880, 72, 2217, 2217 
183150, 277, 2811, 3903 
183330, 93, 1968, 2383 
183060, 394, 2895, 2682 
183510, 114, 2303, 1824 
183420, 116, 2070, 4539 
183240, 375, 1567, 3547 
183600, 394, 4580, 4150 
183690, 213, 1538, 2217 
183870, 140, 2342, 2070 
183780, 105, 3547, 1625 
184050, 295, 2389, 3929 
184140, 131, 3012, 3112 
184230, 104, 3958, 2561 
184410, 112, 1089, 2948 
183960, 251, 2383, 1307 
184320, 173, 2948, 3297 
184590, 300, 1968, 3903 
184500, 382, 4539, 2070 
184950, 59, 2401, 2682 
184680, 294, 1538, 2096 
184860, 260, 2217, 3130 
184770, 330, 2146, 1307 
185040, 195, 1307, 3066 
185310, 107, 3297, 2146 
185490, 184, 2401, 2895 
185220, 147, 3112, 1089 
185670, 207, 2303, 2682 
185130, 110, 4580, 1538 
185400, 65, 2426, 3012 
185760, 198, 3012, 3297 
185580, 71, 2426, 4580 
185850, 257, 3544, 1824 
186120, 55, 2217, 1567 
185940, 254, 1089, 3012 
186210, 379, 1538, 1567 
186390, 161, 2755, 2561 
186030, 395, 1538, 2895 
186480, 119, 4539, 3112 
186300, 158, 2755, 2217 
186660, 245, 3066, 4539 
186570, 45, 1824, 2303 
186750, 169, 1567, 4539 
187020, 382, 3929, 2254 
186840, 138, 2146, 3547 
187200, 45, 3297, 2383 
187110, 87, 3095, 2948 
186930, 256, 2426, 1625 
187470, 150, 3130, 3130 
187290, 311, 2389, 2426 
187380, 353, 3958, 3112 
187560, 140, 2303, 2096 
187650, 324, 2217, 1567 
187740, 215, 2146, 2303 
187920, 324, 3130, 2401 
188190, 147, 3297, 4539 
188010, 201, 2070, 3066 
187830, 253, 3929, 4539 
188370, 215, 2146, 2561 
188100, 399, 3547, 1625 
188460, 120, 2303, 4150 
188280, 39, 1089, 3130 
188550, 271, 1567, 2755 
188820, 340, 2811, 4150 
188640, 357, 3297, 3929 
188730, 369, 4539, 3112 
189000, 300, 2254, 3958 
189180, 70, 2895, 1625 
188910, 314, 3544, 3112 
189450, 83, 3112, 1089 
189090, 268, 2070, 1089 
189360, 232, 3929, 3547 
189630, 82, 3297, 2561 
189270, 325, 2146, 4580 
189720, 131, 2389, 3544 
189810, 211, 2342, 2895 
189540, 263, 2096, 2217 
189990, 203, 1538, 3297 
190170, 133, 1089, 1824 
189900, 253, 2254, 3012 
190260, 358, 2254, 3903 
190080, 248, 3903, 1538 
190350, 318, 3544, 3929 
190620, 390, 2811, 3903 
190440, 77, 2682, 2217 
190530, 220, 2383, 1567 
190890, 240, 2811, 1824 
190710, 64, 1968, 2811 
190800, 40, 3297, 2070 
191070, 121, 1567, 2426 
191250, 238, 1089, 2895 
191160, 350, 1824, 1567 
191340, 223, 1824, 2755 
191430, 306, 2303, 1625 
190980, 45, 2070, 1567 
191520, 351, 2941, 3112 
191790, 220, 2342, 2096 
191700, 339, 2811, 1567 
191880, 272, 1538, 2389 
191970, 90, 1699, 2895 
191610, 269, 2941, 2303 
192060, 120, 2217, 1307 
192330, 255, 2096, 2383 
192150, 224, 3544, 2755 
192510, 131, 3547, 2755 
192420, 335, 2426, 3297 
192240, 137, 3547, 2941 
192600, 106, 3112, 2895 
192960, 89, 2811, 2217 
192780, 158, 2401, 2895 
192870, 248, 2342, 2342 
193050, 378, 4150, 2070 
193140, 378, 2682, 2254 
193230, 207, 2561, 2383 
192690, 214, 3012, 2342 
193410, 151, 2342, 2895 
193500, 382, 2146, 1089 
193770, 271, 2682, 2426 
193320, 81, 4150, 3112 
193680, 229, 2342, 2389 
194130, 235, 4580, 1699 
193590, 223, 3066, 2342 
193860, 324, 1968, 1625 
194220, 395, 3958, 4539 
193950, 91, 4580, 2561 
194040, 358, 2146, 2895 
194400, 78, 1089, 2941 
194310, 398, 1625, 3903 
194490, 273, 3297, 3095 
194670, 397, 3112, 2342 
194760, 179, 4150, 2342 
194580, 154, 2303, 4150 
194850, 256, 2383, 2561 
195030, 271, 2401, 3012 
195120, 314, 1625, 3929 
195300, 293, 4580, 2948 
194940, 160, 2948, 2217 
195570, 66, 1307, 2941 
195660, 387, 2096, 1824 
195390, 157, 2755, 1625 
195480, 244, 2146, 2561 
195210, 269, 1699, 2948 
195750, 358, 3130, 2682 
196020, 148, 2948, 3066 
196110, 284, 2948, 1699 
195840, 396, 3547, 2682 
195930, 309, 4539, 2383 
196200, 30, 3903, 2217 
196380, 383, 3958, 3112 
196560, 385, 3544, 3903 
196290, 44, 2426, 1625 
196470, 47, 4150, 3958 
196650, 330, 1824, 2070 
196830, 369, 1824, 3112 
196740, 39, 1968, 2895 
196920, 142, 2303, 2070 
197100, 288, 2401, 3112 
197190, 335, 3012, 2070 
197010, 127, 1699, 2941 
197280, 123, 2811, 1089 
197370, 314, 4580, 3066 
197550, 399, 4150, 2070 
197640, 165, 1307, 3095 
197910, 158, 2426, 2895 
197730, 148, 3929, 4539 
198000, 34, 4150, 2254 
197460, 277, 2342, 3547 
198090, 331, 2383, 3929 
197820, 63, 1699, 1307 
198180, 397, 1307, 2383 
198450, 335, 2682, 1089 
198360, 153, 2217, 1968 
198270, 345, 2383, 1699 
198540, 348, 2389, 2401 
198630, 84, 1307, 1089 
198720, 316, 4580, 2401 
198900, 305, 4539, 2146 
198990, 365, 3929, 1699 
199080, 123, 3095, 2561 
198810, 198, 1625, 2682 
199260, 396, 2561, 2146 
199440, 196, 3544, 2070 
199170, 171, 2682, 1538 
199350, 343, 3066, 2303 
199620, 293, 2342, 3544 
199530, 218, 2426, 1567 
199800, 53, 3112, 3297 
199710, 340, 2561, 1567 
200070, 334, 2941, 2895 
199980, 361, 2096, 2948 
199890, 32, 2389, 2389 
200250, 236, 2146, 4539 
200430, 188, 2561, 2755 
200160, 241, 1307, 2342 
200520, 320, 2217, 3958 
200340, 213, 3958, 2389 
200700, 223, 4580, 2146 
200610, 142, 1699, 1625 
200790, 46, 2389, 2941 
200970, 150, 1699, 1699 
201150, 248, 2755, 1567 
200880, 60, 2755, 2401 
201240, 195, 2383, 2217 
201330, 121, 2895, 2146 
201510, 211, 2254, 3095 
201420, 46, 2342, 2254 
201060, 91, 3903, 2070 
201600, 287, 2561, 3012 
201960, 55, 3544, 1307 
201870, 228, 2070, 2146 
201690, 253, 1699, 2811 
202140, 58, 2426, 2682 
202050, 288, 2389, 3130 
201780, 98, 2561, 2383 
202230, 376, 4150, 1824 
202500, 74, 2682, 2070 
202320, 121, 3903, 2342 
202590, 371, 2254, 3095 
202410, 302, 2948, 2941 
202680, 358, 2146, 3544 
202770, 172, 1307, 2811 
203130, 107, 2217, 2941 
202860, 226, 2217, 2941 
203220, 150, 2217, 1567 
202950, 169, 2303, 3066 
203310, 382, 3544, 2401 
203040, 366, 4150, 3544 
203400, 348, 1307, 2682 
203490, 354, 1824, 1968 
203580, 222, 4150, 3903 
203760, 66, 2948, 2096 
203670, 197, 2948, 1824 
204030, 51, 3544, 3958 
203850, 127, 2217, 1307 
203940, 270, 3544, 1538 
204300, 367, 2303, 2401 
204210, 95, 3297, 1625 
204120, 143, 4580, 4150 
204390, 381, 3929, 4580 
204660, 290, 2070, 3544 
204480, 343, 2561, 2389 
204750, 285, 4580, 3544 
204570, 316, 1625, 2895 
205110, 106, 3297, 3012 
205020, 132, 2811, 2303 
205200, 193, 2389, 2895 
204930, 173, 1307, 3012 
205380, 179, 2895, 1538 
205290, 331, 2811, 3958 
204840, 296, 2948, 3012 
205560, 151, 1625, 3012 
205470, 275, 2811, 3095 
205650, 61, 2811, 2895 
205740, 263, 2389, 4580 
206010, 221, 1968, 2342 
205830, 246, 1968, 2682 
206100, 334, 3130, 2342 
206280, 88, 2303, 1538 
205920, 312, 3929, 3112 
206460, 254, 4539, 2401 
206190, 317, 2389, 2426 
206640, 165, 2383, 2096 
206550, 335, 2254, 4150 
206820, 63, 2561, 2941 
206370, 393, 3012, 1538 
206730, 80, 2070, 4539 
207000, 350, 1538, 1567 
